param,mean,median,ci_0.950_LB,ci_0.950_UB
q_ind_0_pop_0,0.000019,0.000000,0.000000,0.000208
q_ind_1_pop_0,0.000064,0.000000,0.000000,0.000648
q_ind_2_pop_0,0.000034,0.000000,0.000000,0.000407
q_ind_3_pop_0,0.000017,0.000000,0.000000,0.000160
q_ind_4_pop_0,0.000027,0.000000,0.000000,0.000286
q_ind_5_pop_0,0.000019,0.000000,0.000000,0.000220
q_ind_6_pop_0,0.000022,0.000000,0.000000,0.000236
q_ind_7_pop_0,0.000026,0.000000,0.000000,0.000282
q_ind_8_pop_0,0.000017,0.000000,0.000000,0.000202
q_ind_9_pop_0,0.000026,0.000000,0.000000,0.000278
q_ind_10_pop_0,0.000023,0.000000,0.000000,0.000223
q_ind_11_pop_0,0.000137,0.000000,0.000000,0.001611
q_ind_12_pop_0,0.000030,0.000000,0.000000,0.000280
q_ind_13_pop_0,0.000027,0.000000,0.000000,0.000290
q_ind_14_pop_0,0.000052,0.000000,0.000000,0.000573
q_ind_15_pop_0,0.000033,0.000000,0.000000,0.000234
q_ind_16_pop_0,0.000017,0.000000,0.000000,0.000185
q_ind_17_pop_0,0.000459,0.000000,0.000000,0.006864
q_ind_18_pop_0,0.000017,0.000000,0.000000,0.000175
q_ind_19_pop_0,0.000022,0.000000,0.000000,0.000223
q_ind_20_pop_0,0.000026,0.000000,0.000000,0.000295
q_ind_21_pop_0,0.000067,0.000000,0.000000,0.000827
q_ind_22_pop_0,0.000510,0.000000,0.000000,0.007859
q_ind_23_pop_0,0.000019,0.000000,0.000000,0.000209
q_ind_24_pop_0,0.000012,0.000000,0.000000,0.000128
q_ind_25_pop_0,0.000016,0.000000,0.000000,0.000172
q_ind_26_pop_0,0.000014,0.000000,0.000000,0.000160
q_ind_27_pop_0,0.000014,0.000000,0.000000,0.000146
q_ind_28_pop_0,0.000012,0.000000,0.000000,0.000126
q_ind_29_pop_0,0.000061,0.000000,0.000000,0.000655
q_ind_30_pop_0,0.000043,0.000000,0.000000,0.000493
q_ind_31_pop_0,0.000122,0.000000,0.000000,0.001295
q_ind_32_pop_0,0.000041,0.000000,0.000000,0.000436
q_ind_33_pop_0,0.000019,0.000000,0.000000,0.000204
q_ind_34_pop_0,0.000025,0.000000,0.000000,0.000281
q_ind_35_pop_0,0.000087,0.000000,0.000000,0.000986
q_ind_36_pop_0,0.000021,0.000000,0.000000,0.000232
q_ind_37_pop_0,0.000042,0.000000,0.000000,0.000451
q_ind_38_pop_0,0.000046,0.000000,0.000000,0.000529
q_ind_39_pop_0,0.000050,0.000000,0.000000,0.000583
q_ind_40_pop_0,0.000079,0.000000,0.000000,0.000751
q_ind_41_pop_0,0.000047,0.000000,0.000000,0.000571
q_ind_42_pop_0,0.000025,0.000000,0.000000,0.000249
q_ind_43_pop_0,0.000047,0.000000,0.000000,0.000547
q_ind_44_pop_0,0.000041,0.000000,0.000000,0.000462
q_ind_45_pop_0,0.004097,0.000000,0.000000,0.046818
q_ind_46_pop_0,0.000027,0.000000,0.000000,0.000294
q_ind_47_pop_0,0.000097,0.000000,0.000000,0.001066
q_ind_48_pop_0,0.000034,0.000000,0.000000,0.000400
q_ind_49_pop_0,0.000060,0.000000,0.000000,0.000618
q_ind_50_pop_0,0.000031,0.000000,0.000000,0.000339
q_ind_51_pop_0,0.004025,0.000000,0.000000,0.035871
q_ind_52_pop_0,0.000106,0.000000,0.000000,0.001125
q_ind_53_pop_0,0.000104,0.000000,0.000000,0.001078
q_ind_54_pop_0,0.000019,0.000000,0.000000,0.000188
q_ind_55_pop_0,0.000021,0.000000,0.000000,0.000222
q_ind_56_pop_0,0.000045,0.000000,0.000000,0.000563
q_ind_57_pop_0,0.000026,0.000000,0.000000,0.000248
q_ind_58_pop_0,0.000053,0.000000,0.000000,0.000650
q_ind_59_pop_0,0.000356,0.000000,0.000000,0.004067
q_ind_60_pop_0,0.000015,0.000000,0.000000,0.000148
q_ind_61_pop_0,0.000016,0.000000,0.000000,0.000198
q_ind_62_pop_0,0.000014,0.000000,0.000000,0.000164
q_ind_63_pop_0,0.000021,0.000000,0.000000,0.000219
q_ind_64_pop_0,0.000020,0.000000,0.000000,0.000224
q_ind_65_pop_0,0.000017,0.000000,0.000000,0.000189
q_ind_66_pop_0,0.000022,0.000000,0.000000,0.000246
q_ind_67_pop_0,0.000020,0.000000,0.000000,0.000234
q_ind_68_pop_0,0.000024,0.000000,0.000000,0.000223
q_ind_69_pop_0,0.000030,0.000000,0.000000,0.000297
q_ind_70_pop_0,0.000034,0.000000,0.000000,0.000436
q_ind_71_pop_0,0.000023,0.000000,0.000000,0.000284
q_ind_72_pop_0,0.000024,0.000000,0.000000,0.000292
q_ind_73_pop_0,0.000039,0.000000,0.000000,0.000370
q_ind_74_pop_0,0.000043,0.000000,0.000000,0.000540
q_ind_75_pop_0,0.000017,0.000000,0.000000,0.000184
q_ind_76_pop_0,0.000025,0.000000,0.000000,0.000257
q_ind_77_pop_0,0.000021,0.000000,0.000000,0.000229
q_ind_78_pop_0,0.000025,0.000000,0.000000,0.000272
q_ind_79_pop_0,0.000070,0.000000,0.000000,0.000694
q_ind_80_pop_0,0.000008,0.000000,0.000000,0.000088
q_ind_81_pop_0,0.000009,0.000000,0.000000,0.000096
q_ind_82_pop_0,0.000010,0.000000,0.000000,0.000113
q_ind_83_pop_0,0.000013,0.000000,0.000000,0.000139
q_ind_84_pop_0,0.000008,0.000000,0.000000,0.000089
q_ind_85_pop_0,0.000011,0.000000,0.000000,0.000111
q_ind_86_pop_0,0.000012,0.000000,0.000000,0.000128
q_ind_87_pop_0,0.000014,0.000000,0.000000,0.000141
q_ind_88_pop_0,0.000009,0.000000,0.000000,0.000103
q_ind_0_pop_1,0.000017,0.000000,0.000000,0.000162
q_ind_1_pop_1,0.000082,0.000000,0.000000,0.001002
q_ind_2_pop_1,0.000026,0.000000,0.000000,0.000274
q_ind_3_pop_1,0.000022,0.000000,0.000000,0.000261
q_ind_4_pop_1,0.000016,0.000000,0.000000,0.000171
q_ind_5_pop_1,0.000015,0.000000,0.000000,0.000154
q_ind_6_pop_1,0.000019,0.000000,0.000000,0.000199
q_ind_7_pop_1,0.000024,0.000000,0.000000,0.000251
q_ind_8_pop_1,0.000015,0.000000,0.000000,0.000158
q_ind_9_pop_1,0.000019,0.000000,0.000000,0.000202
q_ind_10_pop_1,0.000030,0.000000,0.000000,0.000353
q_ind_11_pop_1,0.000083,0.000000,0.000000,0.001037
q_ind_12_pop_1,0.000027,0.000000,0.000000,0.000306
q_ind_13_pop_1,0.000047,0.000000,0.000000,0.000531
q_ind_14_pop_1,0.000030,0.000000,0.000000,0.000331
q_ind_15_pop_1,0.000019,0.000000,0.000000,0.000216
q_ind_16_pop_1,0.000016,0.000000,0.000000,0.000185
q_ind_17_pop_1,0.006343,0.006421,0.000000,0.017750
q_ind_18_pop_1,0.000012,0.000000,0.000000,0.000130
q_ind_19_pop_1,0.000019,0.000000,0.000000,0.000224
q_ind_20_pop_1,0.000015,0.000000,0.000000,0.000165
q_ind_21_pop_1,0.000031,0.000000,0.000000,0.000372
q_ind_22_pop_1,0.005886,0.002744,0.000000,0.020894
q_ind_23_pop_1,0.000014,0.000000,0.000000,0.000155
q_ind_24_pop_1,0.000010,0.000000,0.000000,0.000117
q_ind_25_pop_1,0.000012,0.000000,0.000000,0.000125
q_ind_26_pop_1,0.000011,0.000000,0.000000,0.000114
q_ind_27_pop_1,0.000009,0.000000,0.000000,0.000107
q_ind_28_pop_1,0.000011,0.000000,0.000000,0.000106
q_ind_29_pop_1,0.631589,0.631702,0.609525,0.653296
q_ind_30_pop_1,0.687181,0.687203,0.665057,0.708746
q_ind_31_pop_1,0.672080,0.671977,0.648480,0.696153
q_ind_32_pop_1,0.652382,0.652349,0.630226,0.674573
q_ind_33_pop_1,0.734531,0.734613,0.713163,0.755434
q_ind_34_pop_1,0.712195,0.712357,0.689095,0.734465
q_ind_35_pop_1,0.664018,0.664160,0.641992,0.685640
q_ind_36_pop_1,0.712169,0.712409,0.689802,0.732758
q_ind_37_pop_1,0.679906,0.680084,0.658203,0.700489
q_ind_38_pop_1,0.683221,0.683514,0.661556,0.704322
q_ind_39_pop_1,0.642830,0.642924,0.619213,0.665790
q_ind_40_pop_1,0.718757,0.718695,0.695273,0.742449
q_ind_41_pop_1,0.665874,0.665835,0.643818,0.688367
q_ind_42_pop_1,0.689967,0.689919,0.668306,0.711450
q_ind_43_pop_1,0.650323,0.650518,0.628691,0.670608
q_ind_44_pop_1,0.685834,0.686005,0.664474,0.706503
q_ind_45_pop_1,0.627626,0.627685,0.603776,0.651188
q_ind_46_pop_1,0.000015,0.000000,0.000000,0.000156
q_ind_47_pop_1,0.000030,0.000000,0.000000,0.000350
q_ind_48_pop_1,0.000045,0.000000,0.000000,0.000545
q_ind_49_pop_1,0.000033,0.000000,0.000000,0.000386
q_ind_50_pop_1,0.000042,0.000000,0.000000,0.000500
q_ind_51_pop_1,0.027286,0.027368,0.013390,0.039752
q_ind_52_pop_1,0.000120,0.000000,0.000000,0.001471
q_ind_53_pop_1,0.000072,0.000000,0.000000,0.000853
q_ind_54_pop_1,0.046665,0.046580,0.031358,0.062685
q_ind_55_pop_1,0.108548,0.108423,0.092173,0.125246
q_ind_56_pop_1,0.165453,0.165366,0.146138,0.184702
q_ind_57_pop_1,0.151514,0.151657,0.132918,0.170357
q_ind_58_pop_1,0.142722,0.142783,0.123500,0.161513
q_ind_59_pop_1,0.160295,0.160438,0.139457,0.180602
q_ind_60_pop_1,0.044842,0.044678,0.029987,0.060346
q_ind_61_pop_1,0.098502,0.098464,0.081954,0.115573
q_ind_62_pop_1,0.073513,0.073396,0.057873,0.090126
q_ind_63_pop_1,0.009963,0.010572,0.000000,0.026035
q_ind_64_pop_1,0.148223,0.148223,0.129638,0.166933
q_ind_65_pop_1,0.043090,0.043114,0.027536,0.058593
q_ind_66_pop_1,0.117295,0.117186,0.100076,0.134868
q_ind_67_pop_1,0.150785,0.150753,0.132247,0.169130
q_ind_68_pop_1,0.101685,0.101653,0.083714,0.119546
q_ind_69_pop_1,0.000118,0.000000,0.000000,0.001695
q_ind_70_pop_1,0.000055,0.000000,0.000000,0.000639
q_ind_71_pop_1,0.000035,0.000000,0.000000,0.000396
q_ind_72_pop_1,0.000064,0.000000,0.000000,0.000769
q_ind_73_pop_1,0.000097,0.000000,0.000000,0.001234
q_ind_74_pop_1,0.000450,0.000000,0.000000,0.006164
q_ind_75_pop_1,0.000023,0.000000,0.000000,0.000234
q_ind_76_pop_1,0.000037,0.000000,0.000000,0.000424
q_ind_77_pop_1,0.000034,0.000000,0.000000,0.000410
q_ind_78_pop_1,0.000036,0.000000,0.000000,0.000406
q_ind_79_pop_1,0.000017,0.000000,0.000000,0.000188
q_ind_80_pop_1,0.000011,0.000000,0.000000,0.000109
q_ind_81_pop_1,0.000009,0.000000,0.000000,0.000093
q_ind_82_pop_1,0.000007,0.000000,0.000000,0.000078
q_ind_83_pop_1,0.000008,0.000000,0.000000,0.000093
q_ind_84_pop_1,0.000008,0.000000,0.000000,0.000085
q_ind_85_pop_1,0.000009,0.000000,0.000000,0.000089
q_ind_86_pop_1,0.000009,0.000000,0.000000,0.000098
q_ind_87_pop_1,0.000011,0.000000,0.000000,0.000108
q_ind_88_pop_1,0.000008,0.000000,0.000000,0.000091
q_ind_0_pop_2,0.000013,0.000000,0.000000,0.000146
q_ind_1_pop_2,0.000055,0.000000,0.000000,0.000658
q_ind_2_pop_2,0.000034,0.000000,0.000000,0.000378
q_ind_3_pop_2,0.000009,0.000000,0.000000,0.000100
q_ind_4_pop_2,0.000009,0.000000,0.000000,0.000095
q_ind_5_pop_2,0.000011,0.000000,0.000000,0.000114
q_ind_6_pop_2,0.000012,0.000000,0.000000,0.000123
q_ind_7_pop_2,0.000015,0.000000,0.000000,0.000175
q_ind_8_pop_2,0.000012,0.000000,0.000000,0.000131
q_ind_9_pop_2,0.000013,0.000000,0.000000,0.000163
q_ind_10_pop_2,0.000008,0.000000,0.000000,0.000095
q_ind_11_pop_2,0.017246,0.017198,0.010037,0.024762
q_ind_12_pop_2,0.000021,0.000000,0.000000,0.000241
q_ind_13_pop_2,0.000020,0.000000,0.000000,0.000228
q_ind_14_pop_2,0.000023,0.000000,0.000000,0.000273
q_ind_15_pop_2,0.000193,0.000000,0.000000,0.002516
q_ind_16_pop_2,0.000147,0.000000,0.000000,0.002133
q_ind_17_pop_2,0.025128,0.025115,0.015858,0.034522
q_ind_18_pop_2,0.011606,0.011541,0.004307,0.019090
q_ind_19_pop_2,0.000383,0.000000,0.000000,0.004825
q_ind_20_pop_2,0.015279,0.015154,0.007718,0.023534
q_ind_21_pop_2,0.000807,0.000000,0.000000,0.007800
q_ind_22_pop_2,0.027698,0.027644,0.016440,0.039046
q_ind_23_pop_2,0.008574,0.009091,0.000000,0.017071
q_ind_24_pop_2,0.000021,0.000000,0.000000,0.000240
q_ind_25_pop_2,0.000029,0.000000,0.000000,0.000288
q_ind_26_pop_2,0.000029,0.000000,0.000000,0.000343
q_ind_27_pop_2,0.000044,0.000000,0.000000,0.000521
q_ind_28_pop_2,0.000056,0.000000,0.000000,0.000664
q_ind_29_pop_2,0.000035,0.000000,0.000000,0.000411
q_ind_30_pop_2,0.000024,0.000000,0.000000,0.000235
q_ind_31_pop_2,0.000023,0.000000,0.000000,0.000272
q_ind_32_pop_2,0.000015,0.000000,0.000000,0.000167
q_ind_33_pop_2,0.000008,0.000000,0.000000,0.000088
q_ind_34_pop_2,0.000017,0.000000,0.000000,0.000192
q_ind_35_pop_2,0.000067,0.000000,0.000000,0.000815
q_ind_36_pop_2,0.000010,0.000000,0.000000,0.000099
q_ind_37_pop_2,0.000017,0.000000,0.000000,0.000176
q_ind_38_pop_2,0.000013,0.000000,0.000000,0.000141
q_ind_39_pop_2,0.000015,0.000000,0.000000,0.000165
q_ind_40_pop_2,0.013061,0.012975,0.005660,0.020788
q_ind_41_pop_2,0.000039,0.000000,0.000000,0.000440
q_ind_42_pop_2,0.000014,0.000000,0.000000,0.000158
q_ind_43_pop_2,0.000023,0.000000,0.000000,0.000235
q_ind_44_pop_2,0.000016,0.000000,0.000000,0.000173
q_ind_45_pop_2,0.011448,0.011789,0.000000,0.020858
q_ind_46_pop_2,0.979470,0.979608,0.970645,0.987602
q_ind_47_pop_2,0.964604,0.964619,0.954424,0.974617
q_ind_48_pop_2,0.971281,0.971381,0.961151,0.980455
q_ind_49_pop_2,0.910203,0.910186,0.897442,0.922869
q_ind_50_pop_2,0.730414,0.730503,0.713813,0.746616
q_ind_51_pop_2,0.879786,0.880035,0.864976,0.893673
q_ind_52_pop_2,0.959251,0.959308,0.947896,0.970172
q_ind_53_pop_2,0.973683,0.973769,0.963230,0.983331
q_ind_54_pop_2,0.000013,0.000000,0.000000,0.000126
q_ind_55_pop_2,0.000013,0.000000,0.000000,0.000134
q_ind_56_pop_2,0.000014,0.000000,0.000000,0.000137
q_ind_57_pop_2,0.000010,0.000000,0.000000,0.000103
q_ind_58_pop_2,0.000012,0.000000,0.000000,0.000139
q_ind_59_pop_2,0.024617,0.024515,0.015995,0.033818
q_ind_60_pop_2,0.000008,0.000000,0.000000,0.000079
q_ind_61_pop_2,0.000007,0.000000,0.000000,0.000076
q_ind_62_pop_2,0.000010,0.000000,0.000000,0.000109
q_ind_63_pop_2,0.000011,0.000000,0.000000,0.000113
q_ind_64_pop_2,0.000014,0.000000,0.000000,0.000142
q_ind_65_pop_2,0.000012,0.000000,0.000000,0.000126
q_ind_66_pop_2,0.000010,0.000000,0.000000,0.000109
q_ind_67_pop_2,0.000011,0.000000,0.000000,0.000118
q_ind_68_pop_2,0.000014,0.000000,0.000000,0.000153
q_ind_69_pop_2,0.000010,0.000000,0.000000,0.000115
q_ind_70_pop_2,0.000010,0.000000,0.000000,0.000112
q_ind_71_pop_2,0.000008,0.000000,0.000000,0.000087
q_ind_72_pop_2,0.000011,0.000000,0.000000,0.000130
q_ind_73_pop_2,0.000014,0.000000,0.000000,0.000162
q_ind_74_pop_2,0.000013,0.000000,0.000000,0.000142
q_ind_75_pop_2,0.000008,0.000000,0.000000,0.000082
q_ind_76_pop_2,0.000009,0.000000,0.000000,0.000109
q_ind_77_pop_2,0.000010,0.000000,0.000000,0.000112
q_ind_78_pop_2,0.000012,0.000000,0.000000,0.000141
q_ind_79_pop_2,0.978965,0.979056,0.971023,0.986436
q_ind_80_pop_2,0.999935,0.999997,0.999449,1.000000
q_ind_81_pop_2,0.999940,0.999997,0.999496,1.000000
q_ind_82_pop_2,0.999941,0.999997,0.999511,1.000000
q_ind_83_pop_2,0.999937,0.999997,0.999476,1.000000
q_ind_84_pop_2,0.999922,0.999997,0.999352,1.000000
q_ind_85_pop_2,0.999929,0.999996,0.999411,1.000000
q_ind_86_pop_2,0.999932,0.999996,0.999438,1.000000
q_ind_87_pop_2,0.999926,0.999997,0.999375,1.000000
q_ind_88_pop_2,0.999939,0.999997,0.999492,1.000000
q_ind_0_pop_3,0.000017,0.000000,0.000000,0.000191
q_ind_1_pop_3,0.000015,0.000000,0.000000,0.000157
q_ind_2_pop_3,0.000016,0.000000,0.000000,0.000179
q_ind_3_pop_3,0.000009,0.000000,0.000000,0.000097
q_ind_4_pop_3,0.000010,0.000000,0.000000,0.000121
q_ind_5_pop_3,0.000012,0.000000,0.000000,0.000123
q_ind_6_pop_3,0.000015,0.000000,0.000000,0.000161
q_ind_7_pop_3,0.000014,0.000000,0.000000,0.000155
q_ind_8_pop_3,0.000014,0.000000,0.000000,0.000156
q_ind_9_pop_3,0.000015,0.000000,0.000000,0.000165
q_ind_10_pop_3,0.000009,0.000000,0.000000,0.000104
q_ind_11_pop_3,0.000016,0.000000,0.000000,0.000185
q_ind_12_pop_3,0.000013,0.000000,0.000000,0.000148
q_ind_13_pop_3,0.000015,0.000000,0.000000,0.000181
q_ind_14_pop_3,0.000015,0.000000,0.000000,0.000155
q_ind_15_pop_3,0.999685,0.999988,0.997031,1.000000
q_ind_16_pop_3,0.999777,0.999991,0.997795,1.000000
q_ind_17_pop_3,0.965455,0.965576,0.954222,0.975926
q_ind_18_pop_3,0.988320,0.988395,0.980872,0.995617
q_ind_19_pop_3,0.999530,0.999988,0.995073,1.000000
q_ind_20_pop_3,0.984594,0.984718,0.976376,0.992199
q_ind_21_pop_3,0.952799,0.953008,0.941921,0.962812
q_ind_22_pop_3,0.937549,0.937708,0.923337,0.950897
q_ind_23_pop_3,0.991351,0.990827,0.982829,1.000000
q_ind_24_pop_3,0.999928,0.999996,0.999418,1.000000
q_ind_25_pop_3,0.999900,0.999995,0.999184,1.000000
q_ind_26_pop_3,0.999915,0.999996,0.999296,1.000000
q_ind_27_pop_3,0.999903,0.999995,0.999193,1.000000
q_ind_28_pop_3,0.999882,0.999995,0.999029,1.000000
q_ind_29_pop_3,0.000018,0.000000,0.000000,0.000211
q_ind_30_pop_3,0.000012,0.000000,0.000000,0.000126
q_ind_31_pop_3,0.027325,0.027250,0.018702,0.036401
q_ind_32_pop_3,0.000014,0.000000,0.000000,0.000152
q_ind_33_pop_3,0.000009,0.000000,0.000000,0.000090
q_ind_34_pop_3,0.000022,0.000000,0.000000,0.000262
q_ind_35_pop_3,0.000022,0.000000,0.000000,0.000239
q_ind_36_pop_3,0.000009,0.000000,0.000000,0.000098
q_ind_37_pop_3,0.000015,0.000000,0.000000,0.000176
q_ind_38_pop_3,0.000013,0.000000,0.000000,0.000130
q_ind_39_pop_3,0.000023,0.000000,0.000000,0.000276
q_ind_40_pop_3,0.000019,0.000000,0.000000,0.000195
q_ind_41_pop_3,0.000011,0.000000,0.000000,0.000125
q_ind_42_pop_3,0.000009,0.000000,0.000000,0.000092
q_ind_43_pop_3,0.000018,0.000000,0.000000,0.000183
q_ind_44_pop_3,0.000016,0.000000,0.000000,0.000166
q_ind_45_pop_3,0.005908,0.006068,0.000000,0.015850
q_ind_46_pop_3,0.020431,0.020287,0.012326,0.029184
q_ind_47_pop_3,0.035134,0.035122,0.025244,0.045333
q_ind_48_pop_3,0.028575,0.028485,0.019409,0.038726
q_ind_49_pop_3,0.089566,0.089577,0.076900,0.102377
q_ind_50_pop_3,0.269435,0.269359,0.253196,0.286054
q_ind_51_pop_3,0.053532,0.053545,0.041275,0.065790
q_ind_52_pop_3,0.040407,0.040342,0.029340,0.051796
q_ind_53_pop_3,0.025978,0.025928,0.016341,0.036367
q_ind_54_pop_3,0.000009,0.000000,0.000000,0.000101
q_ind_55_pop_3,0.000010,0.000000,0.000000,0.000111
q_ind_56_pop_3,0.000012,0.000000,0.000000,0.000138
q_ind_57_pop_3,0.000012,0.000000,0.000000,0.000132
q_ind_58_pop_3,0.000013,0.000000,0.000000,0.000138
q_ind_59_pop_3,0.000023,0.000000,0.000000,0.000291
q_ind_60_pop_3,0.000009,0.000000,0.000000,0.000098
q_ind_61_pop_3,0.000010,0.000000,0.000000,0.000110
q_ind_62_pop_3,0.000009,0.000000,0.000000,0.000100
q_ind_63_pop_3,0.000011,0.000000,0.000000,0.000112
q_ind_64_pop_3,0.000009,0.000000,0.000000,0.000098
q_ind_65_pop_3,0.000008,0.000000,0.000000,0.000088
q_ind_66_pop_3,0.000010,0.000000,0.000000,0.000107
q_ind_67_pop_3,0.000011,0.000000,0.000000,0.000117
q_ind_68_pop_3,0.000010,0.000000,0.000000,0.000108
q_ind_69_pop_3,0.000010,0.000000,0.000000,0.000110
q_ind_70_pop_3,0.000012,0.000000,0.000000,0.000122
q_ind_71_pop_3,0.000010,0.000000,0.000000,0.000109
q_ind_72_pop_3,0.000011,0.000000,0.000000,0.000115
q_ind_73_pop_3,0.000016,0.000000,0.000000,0.000168
q_ind_74_pop_3,0.000012,0.000000,0.000000,0.000127
q_ind_75_pop_3,0.000007,0.000000,0.000000,0.000076
q_ind_76_pop_3,0.000009,0.000000,0.000000,0.000102
q_ind_77_pop_3,0.000009,0.000000,0.000000,0.000112
q_ind_78_pop_3,0.000010,0.000000,0.000000,0.000105
q_ind_79_pop_3,0.000086,0.000000,0.000000,0.000989
q_ind_80_pop_3,0.000017,0.000000,0.000000,0.000194
q_ind_81_pop_3,0.000016,0.000000,0.000000,0.000170
q_ind_82_pop_3,0.000017,0.000000,0.000000,0.000201
q_ind_83_pop_3,0.000019,0.000000,0.000000,0.000191
q_ind_84_pop_3,0.000039,0.000000,0.000000,0.000457
q_ind_85_pop_3,0.000020,0.000000,0.000000,0.000202
q_ind_86_pop_3,0.000017,0.000000,0.000000,0.000180
q_ind_87_pop_3,0.000018,0.000000,0.000000,0.000172
q_ind_88_pop_3,0.000016,0.000000,0.000000,0.000165
q_ind_0_pop_4,0.020059,0.019918,0.009863,0.031097
q_ind_1_pop_4,0.061292,0.061044,0.047623,0.076109
q_ind_2_pop_4,0.064265,0.064192,0.051430,0.077416
q_ind_3_pop_4,0.023862,0.023911,0.012606,0.035067
q_ind_4_pop_4,0.020605,0.020444,0.010182,0.031584
q_ind_5_pop_4,0.029373,0.029372,0.017883,0.041210
q_ind_6_pop_4,0.033157,0.032975,0.021637,0.045417
q_ind_7_pop_4,0.035161,0.035055,0.023665,0.047323
q_ind_8_pop_4,0.031577,0.031460,0.020462,0.043341
q_ind_9_pop_4,0.023092,0.022910,0.011864,0.035253
q_ind_10_pop_4,0.007093,0.004920,0.000000,0.022254
q_ind_11_pop_4,0.046577,0.046631,0.032448,0.060906
q_ind_12_pop_4,0.030064,0.029808,0.018323,0.042834
q_ind_13_pop_4,0.063153,0.063115,0.050233,0.076515
q_ind_14_pop_4,0.078825,0.078735,0.064817,0.093027
q_ind_15_pop_4,0.000019,0.000000,0.000000,0.000190
q_ind_16_pop_4,0.000013,0.000000,0.000000,0.000147
q_ind_17_pop_4,0.001229,0.000000,0.000000,0.010096
q_ind_18_pop_4,0.000016,0.000000,0.000000,0.000178
q_ind_19_pop_4,0.000016,0.000000,0.000000,0.000163
q_ind_20_pop_4,0.000029,0.000000,0.000000,0.000352
q_ind_21_pop_4,0.006528,0.006575,0.000000,0.018130
q_ind_22_pop_4,0.000330,0.000000,0.000000,0.004500
q_ind_23_pop_4,0.000014,0.000000,0.000000,0.000152
q_ind_24_pop_4,0.000011,0.000000,0.000000,0.000130
q_ind_25_pop_4,0.000017,0.000000,0.000000,0.000196
q_ind_26_pop_4,0.000009,0.000000,0.000000,0.000095
q_ind_27_pop_4,0.000010,0.000000,0.000000,0.000121
q_ind_28_pop_4,0.000015,0.000000,0.000000,0.000186
q_ind_29_pop_4,0.046918,0.046850,0.035554,0.058590
q_ind_30_pop_4,0.000296,0.000000,0.000000,0.004093
q_ind_31_pop_4,0.030393,0.030312,0.017851,0.043398
q_ind_32_pop_4,0.000127,0.000000,0.000000,0.001735
q_ind_33_pop_4,0.000015,0.000000,0.000000,0.000165
q_ind_34_pop_4,0.000031,0.000000,0.000000,0.000341
q_ind_35_pop_4,0.000696,0.000000,0.000000,0.007675
q_ind_36_pop_4,0.000042,0.000000,0.000000,0.000499
q_ind_37_pop_4,0.000498,0.000000,0.000000,0.006412
q_ind_38_pop_4,0.000267,0.000000,0.000000,0.003784
q_ind_39_pop_4,0.001061,0.000000,0.000000,0.010083
q_ind_40_pop_4,0.000085,0.000000,0.000000,0.001125
q_ind_41_pop_4,0.017914,0.017813,0.008278,0.028308
q_ind_42_pop_4,0.000089,0.000000,0.000000,0.000937
q_ind_43_pop_4,0.000223,0.000000,0.000000,0.003081
q_ind_44_pop_4,0.000064,0.000000,0.000000,0.000732
q_ind_45_pop_4,0.045126,0.045213,0.030293,0.059223
q_ind_46_pop_4,0.000021,0.000000,0.000000,0.000223
q_ind_47_pop_4,0.000064,0.000000,0.000000,0.000774
q_ind_48_pop_4,0.000019,0.000000,0.000000,0.000215
q_ind_49_pop_4,0.000038,0.000000,0.000000,0.000369
q_ind_50_pop_4,0.000024,0.000000,0.000000,0.000286
q_ind_51_pop_4,0.034697,0.034684,0.022673,0.046382
q_ind_52_pop_4,0.000038,0.000000,0.000000,0.000426
q_ind_53_pop_4,0.000038,0.000000,0.000000,0.000435
q_ind_54_pop_4,0.000061,0.000000,0.000000,0.000740
q_ind_55_pop_4,0.000029,0.000000,0.000000,0.000310
q_ind_56_pop_4,0.000981,0.000000,0.000000,0.010213
q_ind_57_pop_4,0.000080,0.000000,0.000000,0.001082
q_ind_58_pop_4,0.027046,0.027001,0.015569,0.038673
q_ind_59_pop_4,0.000095,0.000000,0.000000,0.001268
q_ind_60_pop_4,0.000018,0.000000,0.000000,0.000185
q_ind_61_pop_4,0.000027,0.000000,0.000000,0.000290
q_ind_62_pop_4,0.000023,0.000000,0.000000,0.000282
q_ind_63_pop_4,0.000025,0.000000,0.000000,0.000265
q_ind_64_pop_4,0.000030,0.000000,0.000000,0.000319
q_ind_65_pop_4,0.000028,0.000000,0.000000,0.000344
q_ind_66_pop_4,0.000247,0.000000,0.000000,0.003342
q_ind_67_pop_4,0.000083,0.000000,0.000000,0.001006
q_ind_68_pop_4,0.025983,0.025861,0.016697,0.035853
q_ind_69_pop_4,0.973896,0.974053,0.962783,0.984553
q_ind_70_pop_4,0.984385,0.984106,0.973537,0.999910
q_ind_71_pop_4,0.977469,0.977512,0.966732,0.988148
q_ind_72_pop_4,0.994701,0.997923,0.979746,1.000000
q_ind_73_pop_4,0.972123,0.972277,0.959333,0.984584
q_ind_74_pop_4,0.948617,0.948635,0.935519,0.961505
q_ind_75_pop_4,0.999865,0.999994,0.998824,1.000000
q_ind_76_pop_4,0.998205,0.999947,0.986998,1.000000
q_ind_77_pop_4,0.998914,0.999975,0.990613,1.000000
q_ind_78_pop_4,0.986033,0.985514,0.973801,1.000000
q_ind_79_pop_4,0.020600,0.020548,0.013102,0.028475
q_ind_80_pop_4,0.000008,0.000000,0.000000,0.000083
q_ind_81_pop_4,0.000009,0.000000,0.000000,0.000100
q_ind_82_pop_4,0.000008,0.000000,0.000000,0.000073
q_ind_83_pop_4,0.000007,0.000000,0.000000,0.000081
q_ind_84_pop_4,0.000008,0.000000,0.000000,0.000084
q_ind_85_pop_4,0.000012,0.000000,0.000000,0.000132
q_ind_86_pop_4,0.000011,0.000000,0.000000,0.000122
q_ind_87_pop_4,0.000010,0.000000,0.000000,0.000107
q_ind_88_pop_4,0.000008,0.000000,0.000000,0.000088
q_ind_0_pop_5,0.979859,0.980010,0.968833,0.990013
q_ind_1_pop_5,0.865402,0.865431,0.850102,0.880157
q_ind_2_pop_5,0.934823,0.934908,0.921532,0.947615
q_ind_3_pop_5,0.976066,0.976012,0.964857,0.987359
q_ind_4_pop_5,0.979304,0.979475,0.968318,0.989755
q_ind_5_pop_5,0.970553,0.970568,0.958733,0.982058
q_ind_6_pop_5,0.966755,0.966933,0.954443,0.978287
q_ind_7_pop_5,0.964730,0.964838,0.952563,0.976235
q_ind_8_pop_5,0.968354,0.968477,0.956525,0.979529
q_ind_9_pop_5,0.976791,0.976953,0.964599,0.988064
q_ind_10_pop_5,0.992813,0.994966,0.977656,1.000000
q_ind_11_pop_5,0.891403,0.891506,0.875979,0.906431
q_ind_12_pop_5,0.969492,0.969758,0.956885,0.981010
q_ind_13_pop_5,0.936696,0.936735,0.923363,0.949647
q_ind_14_pop_5,0.903910,0.903963,0.889455,0.917814
q_ind_15_pop_5,0.000018,0.000000,0.000000,0.000200
q_ind_16_pop_5,0.000016,0.000000,0.000000,0.000183
q_ind_17_pop_5,0.000098,0.000000,0.000000,0.001257
q_ind_18_pop_5,0.000015,0.000000,0.000000,0.000158
q_ind_19_pop_5,0.000016,0.000000,0.000000,0.000185
q_ind_20_pop_5,0.000037,0.000000,0.000000,0.000408
q_ind_21_pop_5,0.039746,0.039762,0.028442,0.050951
q_ind_22_pop_5,0.000045,0.000000,0.000000,0.000362
q_ind_23_pop_5,0.000016,0.000000,0.000000,0.000201
q_ind_24_pop_5,0.000009,0.000000,0.000000,0.000111
q_ind_25_pop_5,0.000014,0.000000,0.000000,0.000167
q_ind_26_pop_5,0.000012,0.000000,0.000000,0.000136
q_ind_27_pop_5,0.000011,0.000000,0.000000,0.000124
q_ind_28_pop_5,0.000013,0.000000,0.000000,0.000133
q_ind_29_pop_5,0.000175,0.000000,0.000000,0.002429
q_ind_30_pop_5,0.000206,0.000000,0.000000,0.002919
q_ind_31_pop_5,0.000078,0.000000,0.000000,0.000868
q_ind_32_pop_5,0.000145,0.000000,0.000000,0.001916
q_ind_33_pop_5,0.000016,0.000000,0.000000,0.000179
q_ind_34_pop_5,0.000024,0.000000,0.000000,0.000264
q_ind_35_pop_5,0.000075,0.000000,0.000000,0.000982
q_ind_36_pop_5,0.000017,0.000000,0.000000,0.000194
q_ind_37_pop_5,0.000079,0.000000,0.000000,0.000938
q_ind_38_pop_5,0.000069,0.000000,0.000000,0.000931
q_ind_39_pop_5,0.000044,0.000000,0.000000,0.000477
q_ind_40_pop_5,0.000038,0.000000,0.000000,0.000399
q_ind_41_pop_5,0.000069,0.000000,0.000000,0.000788
q_ind_42_pop_5,0.000052,0.000000,0.000000,0.000681
q_ind_43_pop_5,0.000059,0.000000,0.000000,0.000722
q_ind_44_pop_5,0.000039,0.000000,0.000000,0.000480
q_ind_45_pop_5,0.000055,0.000000,0.000000,0.000705
q_ind_46_pop_5,0.000019,0.000000,0.000000,0.000244
q_ind_47_pop_5,0.000042,0.000000,0.000000,0.000415
q_ind_48_pop_5,0.000027,0.000000,0.000000,0.000292
q_ind_49_pop_5,0.000075,0.000000,0.000000,0.000903
q_ind_50_pop_5,0.000033,0.000000,0.000000,0.000370
q_ind_51_pop_5,0.000162,0.000000,0.000000,0.002012
q_ind_52_pop_5,0.000034,0.000000,0.000000,0.000404
q_ind_53_pop_5,0.000080,0.000000,0.000000,0.000788
q_ind_54_pop_5,0.000014,0.000000,0.000000,0.000149
q_ind_55_pop_5,0.000013,0.000000,0.000000,0.000145
q_ind_56_pop_5,0.000144,0.000000,0.000000,0.002003
q_ind_57_pop_5,0.000053,0.000000,0.000000,0.000518
q_ind_58_pop_5,0.027606,0.027440,0.017407,0.038615
q_ind_59_pop_5,0.037694,0.037547,0.026866,0.049050
q_ind_60_pop_5,0.000012,0.000000,0.000000,0.000142
q_ind_61_pop_5,0.000026,0.000000,0.000000,0.000302
q_ind_62_pop_5,0.000016,0.000000,0.000000,0.000181
q_ind_63_pop_5,0.000017,0.000000,0.000000,0.000173
q_ind_64_pop_5,0.000035,0.000000,0.000000,0.000441
q_ind_65_pop_5,0.000019,0.000000,0.000000,0.000192
q_ind_66_pop_5,0.000021,0.000000,0.000000,0.000217
q_ind_67_pop_5,0.000017,0.000000,0.000000,0.000182
q_ind_68_pop_5,0.000020,0.000000,0.000000,0.000222
q_ind_69_pop_5,0.025863,0.025697,0.015367,0.036934
q_ind_70_pop_5,0.015468,0.015757,0.000000,0.026337
q_ind_71_pop_5,0.022422,0.022373,0.011725,0.033125
q_ind_72_pop_5,0.004526,0.000033,0.000000,0.019432
q_ind_73_pop_5,0.027654,0.027506,0.015141,0.040325
q_ind_74_pop_5,0.034820,0.034714,0.023394,0.046703
q_ind_75_pop_5,0.000047,0.000000,0.000000,0.000526
q_ind_76_pop_5,0.001675,0.000000,0.000000,0.012860
q_ind_77_pop_5,0.000980,0.000000,0.000000,0.009256
q_ind_78_pop_5,0.013855,0.014392,0.000000,0.026023
q_ind_79_pop_5,0.000241,0.000000,0.000000,0.003577
q_ind_80_pop_5,0.000011,0.000000,0.000000,0.000118
q_ind_81_pop_5,0.000009,0.000000,0.000000,0.000101
q_ind_82_pop_5,0.000009,0.000000,0.000000,0.000097
q_ind_83_pop_5,0.000009,0.000000,0.000000,0.000096
q_ind_84_pop_5,0.000008,0.000000,0.000000,0.000085
q_ind_85_pop_5,0.000010,0.000000,0.000000,0.000114
q_ind_86_pop_5,0.000011,0.000000,0.000000,0.000113
q_ind_87_pop_5,0.000009,0.000000,0.000000,0.000095
q_ind_88_pop_5,0.000009,0.000000,0.000000,0.000093
q_ind_0_pop_6,0.000016,0.000000,0.000000,0.000178
q_ind_1_pop_6,0.073091,0.073021,0.061780,0.084729
q_ind_2_pop_6,0.000801,0.000000,0.000000,0.007385
q_ind_3_pop_6,0.000015,0.000000,0.000000,0.000170
q_ind_4_pop_6,0.000030,0.000000,0.000000,0.000331
q_ind_5_pop_6,0.000018,0.000000,0.000000,0.000202
q_ind_6_pop_6,0.000021,0.000000,0.000000,0.000221
q_ind_7_pop_6,0.000029,0.000000,0.000000,0.000314
q_ind_8_pop_6,0.000011,0.000000,0.000000,0.000116
q_ind_9_pop_6,0.000044,0.000000,0.000000,0.000481
q_ind_10_pop_6,0.000024,0.000000,0.000000,0.000274
q_ind_11_pop_6,0.044538,0.044549,0.034629,0.054822
q_ind_12_pop_6,0.000353,0.000000,0.000000,0.004328
q_ind_13_pop_6,0.000042,0.000000,0.000000,0.000460
q_ind_14_pop_6,0.017145,0.017110,0.008620,0.025990
q_ind_15_pop_6,0.000033,0.000000,0.000000,0.000373
q_ind_16_pop_6,0.000013,0.000000,0.000000,0.000144
q_ind_17_pop_6,0.001289,0.000000,0.000000,0.009814
q_ind_18_pop_6,0.000014,0.000000,0.000000,0.000144
q_ind_19_pop_6,0.000014,0.000000,0.000000,0.000132
q_ind_20_pop_6,0.000019,0.000000,0.000000,0.000210
q_ind_21_pop_6,0.000023,0.000000,0.000000,0.000232
q_ind_22_pop_6,0.027981,0.028001,0.016023,0.039208
q_ind_23_pop_6,0.000013,0.000000,0.000000,0.000154
q_ind_24_pop_6,0.000008,0.000000,0.000000,0.000093
q_ind_25_pop_6,0.000012,0.000000,0.000000,0.000133
q_ind_26_pop_6,0.000009,0.000000,0.000000,0.000107
q_ind_27_pop_6,0.000008,0.000000,0.000000,0.000094
q_ind_28_pop_6,0.000011,0.000000,0.000000,0.000123
q_ind_29_pop_6,0.321202,0.320996,0.300599,0.342590
q_ind_30_pop_6,0.312239,0.312201,0.290691,0.334228
q_ind_31_pop_6,0.269980,0.269996,0.247550,0.292016
q_ind_32_pop_6,0.347276,0.347287,0.325194,0.369373
q_ind_33_pop_6,0.265402,0.265326,0.244514,0.286713
q_ind_34_pop_6,0.287686,0.287560,0.265457,0.310804
q_ind_35_pop_6,0.335034,0.335048,0.313084,0.356517
q_ind_36_pop_6,0.287733,0.287485,0.267182,0.310125
q_ind_37_pop_6,0.319443,0.319285,0.299037,0.340784
q_ind_38_pop_6,0.316371,0.316037,0.295323,0.338143
q_ind_39_pop_6,0.355977,0.355821,0.332598,0.379931
q_ind_40_pop_6,0.267959,0.268050,0.244716,0.291006
q_ind_41_pop_6,0.316046,0.315936,0.294887,0.337511
q_ind_42_pop_6,0.309844,0.309930,0.288395,0.331569
q_ind_43_pop_6,0.349307,0.349143,0.329148,0.370531
q_ind_44_pop_6,0.313990,0.313816,0.293288,0.335258
q_ind_45_pop_6,0.305740,0.305844,0.282333,0.329117
q_ind_46_pop_6,0.000018,0.000000,0.000000,0.000194
q_ind_47_pop_6,0.000029,0.000000,0.000000,0.000333
q_ind_48_pop_6,0.000019,0.000000,0.000000,0.000220
q_ind_49_pop_6,0.000024,0.000000,0.000000,0.000253
q_ind_50_pop_6,0.000021,0.000000,0.000000,0.000205
q_ind_51_pop_6,0.000513,0.000000,0.000000,0.006999
q_ind_52_pop_6,0.000043,0.000000,0.000000,0.000475
q_ind_53_pop_6,0.000045,0.000000,0.000000,0.000516
q_ind_54_pop_6,0.953218,0.953326,0.937150,0.968504
q_ind_55_pop_6,0.891365,0.891484,0.874707,0.907741
q_ind_56_pop_6,0.833351,0.833582,0.814272,0.851892
q_ind_57_pop_6,0.848305,0.848194,0.829451,0.866926
q_ind_58_pop_6,0.802548,0.802570,0.782782,0.821862
q_ind_59_pop_6,0.776920,0.776931,0.755730,0.798460
q_ind_60_pop_6,0.955096,0.955274,0.939585,0.969953
q_ind_61_pop_6,0.901412,0.901441,0.884271,0.917996
q_ind_62_pop_6,0.926415,0.926532,0.909773,0.942043
q_ind_63_pop_6,0.989952,0.989333,0.973904,1.000000
q_ind_64_pop_6,0.851669,0.851668,0.832939,0.870250
q_ind_65_pop_6,0.956827,0.956793,0.941257,0.972418
q_ind_66_pop_6,0.882395,0.882535,0.864879,0.899539
q_ind_67_pop_6,0.849073,0.849115,0.830728,0.867638
q_ind_68_pop_6,0.872263,0.872358,0.854066,0.890255
q_ind_69_pop_6,0.000073,0.000000,0.000000,0.000933
q_ind_70_pop_6,0.000035,0.000000,0.000000,0.000368
q_ind_71_pop_6,0.000032,0.000000,0.000000,0.000404
q_ind_72_pop_6,0.000663,0.000000,0.000000,0.006874
q_ind_73_pop_6,0.000058,0.000000,0.000000,0.000573
q_ind_74_pop_6,0.016045,0.016097,0.006005,0.025656
q_ind_75_pop_6,0.000033,0.000000,0.000000,0.000360
q_ind_76_pop_6,0.000039,0.000000,0.000000,0.000378
q_ind_77_pop_6,0.000031,0.000000,0.000000,0.000343
q_ind_78_pop_6,0.000029,0.000000,0.000000,0.000274
q_ind_79_pop_6,0.000021,0.000000,0.000000,0.000236
q_ind_80_pop_6,0.000009,0.000000,0.000000,0.000105
q_ind_81_pop_6,0.000008,0.000000,0.000000,0.000077
q_ind_82_pop_6,0.000008,0.000000,0.000000,0.000095
q_ind_83_pop_6,0.000007,0.000000,0.000000,0.000081
q_ind_84_pop_6,0.000008,0.000000,0.000000,0.000093
q_ind_85_pop_6,0.000009,0.000000,0.000000,0.000099
q_ind_86_pop_6,0.000009,0.000000,0.000000,0.000110
q_ind_87_pop_6,0.000012,0.000000,0.000000,0.000127
q_ind_88_pop_6,0.000010,0.000000,0.000000,0.000114
